[general]

Clfile = input/test_scalCls_new.dat


[constants]

ERRTOL = 1e-12
G_CGS = 6.67259e-08
MSUN_CGS = 1.98900e+33
MPC2CM = 3.085678e+24

#cgs
SIGMA_T = 6.65246e-25 

ME = 9.10939E-28
C = 2.99792e+10
K_CGS = 1.3806488e-16
H_CGS = 6.62608e-27
TCMB = 2.726
eV_2_erg = 1.60217662e-12


[defaultCluster]

P0=8.403
xc=1.177
al=1.05
gm=0.31
bt=5.49


[AlonsoCluster]

P0 = 8.403
xc = 1.156
al = 1.062
bt = 5.4807
gm = 0.3292


[BBPS]

P0 = 7.49
xc = 0.710
al = 1.0
gm = -0.3
bt = 4.19


[WMAP9]


om=0.279
ol=0.721
H0=70.0
s8=0.821
ns=0.972
ob=0.0463
r=0.0
mnu=0.00
tau=0.08
As=2.19e-9

[Planck15]

om = 0.315
ol = 0.685
h0 = 67.31
s8 = 0.829
ns = 0.9655
ob = 0.04904
r = 0.0
mnu = 0.00
tau = 0.08


[Tinker]

om = 0.30
ol = 0.70
h0 = 70
s8 = 0.9
ns = 1.0
ob = 0.04
r = 0.0
mnu = 0.00
tau = 0.08


[JB]

om = 0.30
ol = 0.70
h0 = 70
s8 = 0.98
ns = 1.0
ob = 0.04
r = 0.0
mnu = 0.00
tau = 0.17
