
[general]




[AdvAct]

beams = 7.1,4.8,2.2,1.3,0.9
noises = 78.,71.,7.8,6.9,25.
freqs = 28.,41.,90.,150.,230.
lmax = 8000.
fsky = 0.5


[constants]

ERRTOL = 1e-12
G_CGS = 6.67259e-08
MSUN_CGS = 1.98900e+33
MPC2CM = 3.085678e+24

#cgs
SIGMA_T = 6.65246e-25 

ME = 9.10939E-28
C = 2.99792e+10
K_CGS = 1.3806488e-16
H_CGS = 6.62608e-27
TCMB = 2.726
eV_2_erg = 1.60217662e-12


[defaultCluster]

P0=8.403
xc=1.177
al=1.05
gm=0.31
bt=5.49


[LACluster]

P0 = 8.403
xc = 1.156
al = 1.062
bt = 5.4807
gm = 0.3292


[BBPS]

P0 = 7.49
xc = 0.710
al = 1.0
gm = -0.3
bt = 4.19


[WMAP9]

om=0.279
ol=0.721
H0=70.0
s8=0.821
ns=0.972
ob=0.0463
r=0.0
mnu=0.00
tau=0.08
As=2.4e-9

Y_star = 2.42e-10
alpha_ym = 1.79
b_ym = 0.8
beta_ym = 0.0
gamma_ym = 0.0

[LACosmology]

om = 0.315
ol = 0.685
H0 = 67.0
ns = 0.96
ob = 0.049
mnu = 0.00
tau = 0.06
As=2.2e-9
s8 = 0.829

Y_star = 2.42e-10
alpha_ym = 1.79
b_ym = 0.8
beta_ym = 0.0
gamma_ym = 0.0


[Planck15]

om = 0.315
ol = 0.685
H0 = 67.31
s8 = 0.829
ns = 0.9655
ob = 0.04904
r = 0.0
mnu = 0.00
tau = 0.06
As=2.20e-9

Y_star = 2.42e-10
alpha_ym = 1.79
b_ym = 0.8
beta_ym = 0.0
gamma_ym = 0.0

[Tinker]

om = 0.30
ol = 0.70
h0 = 70
s8 = 0.9
ns = 1.0
ob = 0.04
r = 0.0
mnu = 0.00
tau = 0.08

Y_star = 2.42e-10
alpha_ym = 1.79
b_ym = 0.8
beta_ym = 0.0
gamma_ym = 0.0

[JB]

om = 0.30
ol = 0.70
h0 = 70
s8 = 0.98
ns = 1.0
ob = 0.04
r = 0.0
mnu = 0.00
tau = 0.17

Y_star = 2.42e-10
alpha_ym = 1.79
b_ym = 0.8
beta_ym = 0.0
gamma_ym = 0.0