5.416430623575035241e+01 -3.925805225947719737e+04 -1.487341448987090189e+03 0.000000000000000000e+00 0.000000000000000000e+00 0.000000000000000000e+00 1.007885474626364015e+02 1.252772195603080718e+03 2.563872944589713825e+02
-3.925805225947719737e+04 2.891239833048242331e+07 8.828918224386669463e+05 0.000000000000000000e+00 0.000000000000000000e+00 0.000000000000000000e+00 -7.716861291725742922e+04 -9.322311078876187094e+05 -1.947220993324435549e+05
-1.487341448987090189e+03 8.828918224386669463e+05 1.239135649354700727e+05 0.000000000000000000e+00 0.000000000000000000e+00 0.000000000000000000e+00 -1.014681717412328680e+03 -2.408598011066680920e+04 -3.253909868826492129e+03
0.000000000000000000e+00 0.000000000000000000e+00 0.000000000000000000e+00 0.000000000000000000e+00 0.000000000000000000e+00 0.000000000000000000e+00 0.000000000000000000e+00 0.000000000000000000e+00 0.000000000000000000e+00
0.000000000000000000e+00 0.000000000000000000e+00 0.000000000000000000e+00 0.000000000000000000e+00 0.000000000000000000e+00 0.000000000000000000e+00 0.000000000000000000e+00 0.000000000000000000e+00 0.000000000000000000e+00
0.000000000000000000e+00 0.000000000000000000e+00 0.000000000000000000e+00 0.000000000000000000e+00 0.000000000000000000e+00 0.000000000000000000e+00 0.000000000000000000e+00 0.000000000000000000e+00 0.000000000000000000e+00
1.007885474626364015e+02 -7.716861291725742922e+04 -1.014681717412328680e+03 0.000000000000000000e+00 0.000000000000000000e+00 0.000000000000000000e+00 2.245369479182436692e+02 2.548811924699990414e+03 5.569840421309875182e+02
1.252772195603080718e+03 -9.322311078876187094e+05 -2.408598011066680920e+04 0.000000000000000000e+00 0.000000000000000000e+00 0.000000000000000000e+00 2.548811924699990414e+03 3.038218658495409181e+04 6.421386449830478341e+03
2.563872944589713825e+02 -1.947220993324435549e+05 -3.253909868826492129e+03 0.000000000000000000e+00 0.000000000000000000e+00 0.000000000000000000e+00 5.569840421309875182e+02 6.421386449830478341e+03 1.390161271368572670e+03
