3.759368786445931619e+03 -3.991958603516371921e+06 1.395972132495783968e+06 7.197188955907660420e+04 -1.679405730381189648e+13 -4.781829951948378584e+04 3.486127586301592237e+04
-3.991958603516371921e+06 7.518279129605221748e+09 -1.461730966945665598e+09 -1.929393290158935189e+08 4.502076851678600800e+16 1.390085707674350441e+08 -3.664553648073953390e+07
1.395972132495783968e+06 -1.461730966945665598e+09 5.243922809565008879e+08 3.059509900543054938e+07 -7.139416561297781000e+15 -1.831433816646164283e+07 1.294431542598208413e+07
7.197188955907660420e+04 -1.929393290158935189e+08 3.059509900543054938e+07 1.265221921291435324e+07 -2.952445663861513500e+15 -6.856514340557919815e+06 6.454762691316184355e+05
-1.679405730381189648e+13 4.502076851678600800e+16 -7.139416561297781000e+15 -2.952445663861513500e+15 6.889656482403893127e+23 1.599861863642260250e+15 -1.506165863049703750e+14
-4.781829951948378584e+04 1.390085707674350441e+08 -1.831433816646164283e+07 -6.856514340557919815e+06 1.599861863642260250e+15 4.432871788068586029e+06 -4.288760066122153657e+05
3.486127586301592237e+04 -3.664553648073953390e+07 1.294431542598208413e+07 6.454762691316184355e+05 -1.506165863049703750e+14 -4.288760066122153657e+05 3.233345808685433585e+05
