3.774995418052033983e+03 -3.970740853146693669e+06 1.368893289807595080e+06 7.197316271727153799e+04 -1.763954506793471094e+13 -4.914772124854704452e+04 3.554959919786284445e+04
-3.970740853146693669e+06 7.547300360183024406e+09 -1.498616464755764484e+09 -1.929376295300526619e+08 4.387703972341142400e+16 1.371508423845864236e+08 -3.571129151924427599e+07
1.368893289807595080e+06 -1.498616464755764484e+09 5.714768262096955776e+08 3.059294594126629084e+07 -5.678708467859252000e+15 -1.592803759235722199e+07 1.175281466391502507e+07
7.197316271727153799e+04 -1.929376295300526619e+08 3.059294594126629084e+07 1.265221933551000431e+07 -2.952516016334034500e+15 -6.856594109939915128e+06 6.455328849060939392e+05
-1.763954506793471094e+13 4.387703972341142400e+16 -5.678708467859252000e+15 -2.952516016334034500e+15 7.348578458125415135e+23 1.669480839952062000e+15 -1.879021604708117812e+14
-4.914772124854704452e+04 1.371508423845864236e+08 -1.592803759235722199e+07 -6.856594109939915128e+06 1.669480839952062000e+15 4.589681676226043142e+06 -4.866614739209190011e+05
3.554959919786284445e+04 -3.571129151924427599e+07 1.175281466391502507e+07 6.455328849060939392e+05 -1.879021604708117812e+14 -4.866614739209190011e+05 3.536796619872045703e+05
