1.815923796165889371e+03 -2.440968662260263693e+06 6.417078291583190439e+05 7.516312929654186883e+04 -1.827338298521815625e+13 -4.668620776074628520e+04 1.655925570470237653e+04 5.363366058083793178e+04 0.000000000000000000e+00
-2.440968662260263693e+06 5.700281733575822830e+09 -7.988650898846204281e+08 -1.891580879771971703e+08 4.572844007606584800e+16 1.280477773243988007e+08 -2.266108158139691129e+07 -7.231127534266273677e+07 0.000000000000000000e+00
6.417078291583190439e+05 -7.988650898846204281e+08 2.373723923851802051e+08 2.778746727667950094e+07 -6.586296967118128000e+15 -1.514167170563407429e+07 5.779543276050326414e+06 1.891839606810851395e+07 0.000000000000000000e+00
7.516312929654186883e+04 -1.891580879771971703e+08 2.778746727667950094e+07 1.359217488043213636e+07 -3.221914188676660000e+15 -6.950036109419704415e+06 7.107406319424635731e+05 2.234962708027169108e+06 0.000000000000000000e+00
-1.827338298521815625e+13 4.572844007606584800e+16 -6.586296967118128000e+15 -3.221914188676660000e+15 7.687637429614958336e+23 1.660711229915918250e+15 -1.749235301966672812e+14 -5.443602237584681250e+14 0.000000000000000000e+00
-4.668620776074628520e+04 1.280477773243988007e+08 -1.514167170563407429e+07 -6.950036109419704415e+06 1.660711229915918250e+15 4.267155043137414381e+06 -4.425415902345475624e+05 -1.388334579105229117e+06 0.000000000000000000e+00
1.655925570470237653e+04 -2.266108158139691129e+07 5.779543276050326414e+06 7.107406319424635731e+05 -1.749235301966672812e+14 -4.425415902345475624e+05 1.521765519030664000e+05 4.896528055259630200e+05 0.000000000000000000e+00
5.363366058083793178e+04 -7.231127534266273677e+07 1.891839606810851395e+07 2.234962708027169108e+06 -5.443602237584681250e+14 -1.388334579105229117e+06 4.896528055259630200e+05 1.584360136957064504e+06 0.000000000000000000e+00
0.000000000000000000e+00 0.000000000000000000e+00 0.000000000000000000e+00 0.000000000000000000e+00 0.000000000000000000e+00 0.000000000000000000e+00 0.000000000000000000e+00 0.000000000000000000e+00 0.000000000000000000e+00
