5.072770350473405898e+01 -5.182669726240316959e+04 1.982044158293505825e+04 2.814920038847260457e+03 -6.446663425447294922e+11 -1.134894720161019904e+03 4.480168808071944113e+02 1.491467387364258911e+03 0.000000000000000000e+00
-5.182669726240316959e+04 8.474058945631870627e+07 -1.682263460311681405e+07 -1.792615029691088479e+06 4.084601594117631250e+14 1.319370889750545379e+06 -4.556279613742192741e+05 -1.522995033585619181e+06 0.000000000000000000e+00
1.982044158293505825e+04 -1.682263460311681405e+07 9.084145877980282530e+06 1.910804090887887403e+06 -4.357089992373656875e+14 -4.701910830566246295e+05 1.737608420535562036e+05 5.823100657709697261e+05 0.000000000000000000e+00
2.814920038847260457e+03 -1.792615029691088479e+06 1.910804090887887403e+06 1.126734826455365401e+06 -2.570205250964070312e+14 -2.825926329754684702e+05 2.388997946197715282e+04 8.256638301267467614e+04 0.000000000000000000e+00
-6.446663425447294922e+11 4.084601594117631250e+14 -4.357089992373656875e+14 -2.570205250964070312e+14 5.867214905072352546e+22 6.449458910804921094e+13 -5.491431705584703125e+12 -1.891869300891386719e+13 0.000000000000000000e+00
-1.134894720161019904e+03 1.319370889750545379e+06 -4.701910830566246295e+05 -2.825926329754684702e+05 6.449458910804921094e+13 1.404905563519069983e+05 -9.854752287648518177e+03 -3.335480152971843199e+04 0.000000000000000000e+00
4.480168808071944113e+02 -4.556279613742192741e+05 1.737608420535562036e+05 2.388997946197715282e+04 -5.491431705584703125e+12 -9.854752287648518177e+03 3.967039029505383496e+03 1.317700879628679832e+04 0.000000000000000000e+00
1.491467387364258911e+03 -1.522995033585619181e+06 5.823100657709697261e+05 8.256638301267467614e+04 -1.891869300891386719e+13 -3.335480152971843199e+04 1.317700879628679832e+04 4.385352682033360179e+04 0.000000000000000000e+00
0.000000000000000000e+00 0.000000000000000000e+00 0.000000000000000000e+00 0.000000000000000000e+00 0.000000000000000000e+00 0.000000000000000000e+00 0.000000000000000000e+00 0.000000000000000000e+00 0.000000000000000000e+00
