3.141356039342095216e-03 8.087484808640473810e-01 -9.926507279520973004e-01 -1.009777946016877870e+00 3.655819106467831135e+08 -2.592366767332329403e+00 -3.692750274639929574e-03 1.342515106659498136e-01 3.520698524734940105e-02
8.087484808640473810e-01 1.233200837593342385e+03 -5.288891012658552881e+02 -7.799165561536400446e+02 2.111629873766144409e+11 -1.189830087044440688e+03 4.308570441451439414e+00 3.379942827153691098e+01 1.077872048919497416e+01
-9.926507279520973004e-01 -5.288891012658552881e+02 3.904376410490420426e+02 4.704046577105305573e+02 -1.497885811942715454e+11 9.787399403343306403e+02 -2.348698204311488458e-01 -4.278958735999265173e+01 -1.191428401233935652e+01
-1.009777946016877870e+00 -7.799165561536400446e+02 4.704046577105305573e+02 6.524521862448776801e+02 -1.916561693482149353e+11 1.198326912587026072e+03 -1.391781646672658468e+00 -4.498110250929627796e+01 -1.352284315521697877e+01
3.655819106467831135e+08 2.111629873766144409e+11 -1.497885811942715454e+11 -1.916561693482149353e+11 5.934814225825048986e+19 -3.845465780238144531e+11 1.510390495868348479e+08 1.606884014552638054e+10 4.610267459493733406e+09
-2.592366767332329403e+00 -1.189830087044440688e+03 9.787399403343306403e+02 1.198326912587026072e+03 -3.845465780238144531e+11 2.562381170473907787e+03 5.047883630388191323e-01 -1.139555138601072883e+02 -3.205265461535911697e+01
-3.692750274639929574e-03 4.308570441451439414e+00 -2.348698204311488458e-01 -1.391781646672658468e+00 1.510390495868348479e+08 5.047883630388191323e-01 3.170665436651828872e-02 -1.636346013332540816e-01 -3.374953349715384410e-02
1.342515106659498136e-01 3.379942827153691098e+01 -4.278958735999265173e+01 -4.498110250929627796e+01 1.606884014552638054e+10 -1.139555138601072883e+02 -1.636346013332540816e-01 5.833393733683361226e+00 1.557891245743034947e+00
3.520698524734940105e-02 1.077872048919497416e+01 -1.191428401233935652e+01 -1.352284315521697877e+01 4.610267459493733406e+09 -3.205265461535911697e+01 -3.374953349715384410e-02 1.557891245743034947e+00 4.292019747175159217e-01
