5.416430623575035241e+01 -3.925805225947719737e+04 -1.487341448987090189e+03 0.000000000000000000e+00 0.000000000000000000e+00 0.000000000000000000e+00 1.007885474626364015e+02 1.245052527480655044e+03 2.557125009994683182e+02
-3.925805225947719737e+04 2.891239833048242331e+07 8.828918224386669463e+05 0.000000000000000000e+00 0.000000000000000000e+00 0.000000000000000000e+00 -7.716861291725742922e+04 -9.261166559910903452e+05 -1.941668753492964897e+05
-1.487341448987090189e+03 8.828918224386669463e+05 1.239135649354700727e+05 0.000000000000000000e+00 0.000000000000000000e+00 0.000000000000000000e+00 -1.014681717412328680e+03 -2.409506173752929317e+04 -3.263534160528517987e+03
0.000000000000000000e+00 0.000000000000000000e+00 0.000000000000000000e+00 0.000000000000000000e+00 0.000000000000000000e+00 0.000000000000000000e+00 0.000000000000000000e+00 0.000000000000000000e+00 0.000000000000000000e+00
0.000000000000000000e+00 0.000000000000000000e+00 0.000000000000000000e+00 0.000000000000000000e+00 0.000000000000000000e+00 0.000000000000000000e+00 0.000000000000000000e+00 0.000000000000000000e+00 0.000000000000000000e+00
0.000000000000000000e+00 0.000000000000000000e+00 0.000000000000000000e+00 0.000000000000000000e+00 0.000000000000000000e+00 0.000000000000000000e+00 0.000000000000000000e+00 0.000000000000000000e+00 0.000000000000000000e+00
1.007885474626364015e+02 -7.716861291725742922e+04 -1.014681717412328680e+03 0.000000000000000000e+00 0.000000000000000000e+00 0.000000000000000000e+00 2.245369479182436692e+02 2.529782424794681447e+03 5.551342938738088151e+02
1.245052527480655044e+03 -9.261166559910903452e+05 -2.409506173752929317e+04 0.000000000000000000e+00 0.000000000000000000e+00 0.000000000000000000e+00 2.529782424794681447e+03 2.997488982555046823e+04 6.356544623106295148e+03
2.557125009994683182e+02 -1.941668753492964897e+05 -3.263534160528517987e+03 0.000000000000000000e+00 0.000000000000000000e+00 0.000000000000000000e+00 5.551342938738088151e+02 6.356544623106295148e+03 1.381397826486672329e+03
