3.218416277250387564e-03 6.542085370187326054e-01 -1.073670742192182725e+00 -9.962917283583018202e-01 3.694664348509228826e+08 -2.617599651008260420e+00
6.542085370187326054e-01 1.380730384489104154e+03 -4.948380565020358404e+02 -7.889039320947581473e+02 2.113797583010733643e+11 -1.158224201783690887e+03
-1.073670742192182725e+00 -4.948380565020358404e+02 4.199989789085516918e+02 4.592738346075666982e+02 -1.527846941925371399e+11 1.006993041877397673e+03
-9.962917283583018202e-01 -7.889039320947581473e+02 4.592738346075666982e+02 6.184529697994729531e+02 -1.866837434269875183e+11 1.165905013686894563e+03
3.694664348509228826e+08 2.113797583010733643e+11 -1.527846941925371399e+11 -1.866837434269875183e+11 5.931892250376119091e+19 -3.838135821715593262e+11
-2.617599651008260420e+00 -1.158224201783690887e+03 1.006993041877397673e+03 1.165905013686894563e+03 -3.838135821715593262e+11 2.553723493192050682e+03
